0 0.8888888888888888 0.4576771653543307 0.21697287839020135 0.12795275590551178
0 0.26656198356431504 0.43445628621715116 0.13754526928687297 0.06387458362958717
0 0.3577257085567773 0.41916237182696825 0.1311478149014371 0.07826885599681802
0 0.16420271339733974 0.41646344575811256 0.15993635963589886 0.06207529958368319
1 0.08343485178121082 0.36068564033509276 0.059176453065282575 0.06927243576729872
1 0.48167638727459905 0.3602358193236168 0.06557390745071849 0.0827670661115777
1 0.5752391576615998 0.36743295550723226 0.06077581666164157 0.08816491824928932
1 0.5040674776236248 0.3624849243809966 0.03678536271625674 0.08186742408862564
1 0.636814656121421 0.37058170258756395 0.04638154429441073 0.09086384431814508
1 0.6791977914249341 0.3881247220351267 0.03838472631261567 0.05937637351482749
