1 0.38670166229221353 0.48031496062992135 0.15048118985126854 0.28346456692913385
1 0.2729658792650918 0.41240157480314965 0.11198600174978125 0.11614173228346453
1 0.8556430446194225 0.42224409448818895 0.10148731408573923 0.10826771653543305
1 0.6491688538932634 0.41437007874015747 0.0594925634295712 0.07283464566929133
1 0.4829396325459318 0.48425196850393704 0.07699037620297468 0.10236220472440948
0 0.4129483814523185 0.5275590551181102 0.16097987751531057 0.11023622047244089
1 0.7821522309711287 0.42716535433070857 0.05949256342957128 0.0984251968503937
2 0.3097112860892388 0.23129921259842523 0.30446194225721784 0.3799212598425197
2 0.52668416447944 0.2559055118110236 0.24846894138232714 0.29133858267716534
2 0.8153980752405948 0.2716535433070866 0.2169728783902012 0.29133858267716534
