2 0.4305084295832553 0.2155450988656704 0.1318674468993755 0.2164177510877986
0 0.5173858063640202 0.37044086829342937 0.10704533924772824 0.0532317855498215
2 0.3265658537919828 0.27444912385932524 0.07601770468316939 0.11082683221028397
1 0.24279124046767364 0.3446976277406469 0.0636066508573458 0.09599174443410423
1 0.020167962466963313 0.31764540885467213 0.027924871108103044 0.038396697773641686
1 0.17608182615387194 0.33248049663085183 0.029476252836330978 0.052359133327693215
1 0.20167962466963307 0.3316078444087236 0.021719344195191254 0.04712321999492385
1 0.29088407404274 0.3268082571870184 0.029476252836330978 0.041014654440026346
1 0.1310917560352615 0.3268082571870184 0.048092833575066364 0.044505263328539255
1 0.4219758300780015 0.34077069274106997 0.06826079604202967 0.10559091887751468
1 0.522815642412818 0.3455702799627751 0.06826079604202967 0.09948235332261714
