2 0.804899387576553 0.41240157480314965 0.11898512685914256 0.16338582677165348
2 0.6929133858267718 0.4094488188976378 0.16097987751531073 0.12598425196850394
2 0.1837270341207349 0.41437007874015747 0.08048993875765532 0.16338582677165356
2 0.10673665791776027 0.39566929133858264 0.09448818897637792 0.19291338582677164
1 0.3855680406473942 0.4650202063203706 0.07450590157437574 0.09115331395740021
1 0.4591426184520902 0.4555905531523637 0.04284089340526606 0.06181661521248984
1 0.4926702741605592 0.46292472783859134 0.03539030324782843 0.07438948610316572
1 0.5355111675658253 0.4634485974590361 0.03911559832654703 0.06705531141693812
1 0.560656909347177 0.46292472783859123 0.02235177047231275 0.07648496458494498
1 0.21792976210504886 0.46240085821814647 0.05215413110206299 0.06495983293515885
1 0.32130670053949506 0.4603053797363672 0.057742073720141146 0.06915078989871745
