2 0.3307086614173228 0.2475371779671999 0.15048118985126863 0.1909448818897638
2 0.2169728783902012 0.3011811023622047 0.1119860017497813 0.11417322834645667
1 0.16149242227299868 0.3758429981631963 0.06582155599752555 0.09040896863032209
1 0.34977268710312986 0.3646495068089659 0.07806742688078615 0.09729727100215627
1 0.41406350924024776 0.3642189879107264 0.053575685114265 0.09127000642680137
0 0.4048791060778023 0.3891890840086248 0.0933747654848618 0.04477396541692137
1 0.03750297957998547 0.35776120443713183 0.02908394334774383 0.038746700841566624
1 0.09643623320567693 0.355178091047694 0.024491741766521146 0.04735707880635921
1 0.11786650725138291 0.3594832800300904 0.018368806324890824 0.04735707880635914
1 0.20894517194563333 0.35603912884417327 0.03826834651018924 0.04563500321340065
