0 0.8954505686789151 0.4635826771653544 0.20909886264216965 0.10039370078740156
0 0.34411470339934874 0.416671195579146 0.12486687068680478 0.06766794592859625
0 0.2512259337420915 0.4325174867143236 0.1553222050006597 0.06509827709586474
0 0.1438708802857532 0.41324497046883735 0.1751181723046653 0.07280728359405927
1 0.4567994403606117 0.3592819249814758 0.05786513519632429 0.0899384091456026
1 0.5001982917578548 0.3687040440348246 0.04720576818647501 0.06938105848375059
1 0.5694841773218746 0.36356470636936167 0.05481960176493878 0.0899384091456026
1 0.6402928296015871 0.3712737128675561 0.041114701323704136 0.08651218403529398
1 0.6715095472732884 0.3926876198069853 0.05481960176493871 0.05396304548736154
1 0.07077807793250161 0.3511446403444927 0.053296835049245955 0.07023761476132766
