2 0.6841644794400699 0.2106299212598425 0.15048118985126863 0.22440944881889763
2 0.5774278215223098 0.2903543307086614 0.09798775153105865 0.15551181102362205
1 0.28553351865731225 0.3431269272501224 0.027323781689694897 0.0376555866411109
1 0.36887105281088184 0.34351116793013375 0.030056159858664416 0.047645844321405555
1 0.3968779290428192 0.3485062967702811 0.03142234894314917 0.04534040024133752
1 0.4303495616126955 0.3469693340502357 0.02185902535175593 0.04995128840147366
1 0.45494096513342086 0.3500432594903264 0.02732378168969497 0.04534040024133759
1 0.5314475538645668 0.3423584458900997 0.032788538027634005 0.03919254936115628
1 0.49797592129469054 0.3611862392106551 0.0724080214776916 0.09221776320272046
1 0.6817283531578888 0.35542262901048516 0.06284469788629835 0.1098928344832419
1 0.7773615890718213 0.3508117408503491 0.07377421056217628 0.10220802088301525
0 0.7773615890718213 0.37386618165102925 0.11202750492774925 0.04995128840147359
2 0.19247594050743658 0.31889763779527563 0.11898512685914259 0.09448818897637797
