0 0.5152153264624861 0.36099465098898437 0.10080299865570368 0.06195184292381797
2 0.4321461886813969 0.2097901530054286 0.14747105358890003 0.21315634090737373
2 0.32107621794038993 0.2701669490752512 0.07840233228776963 0.10920324854367919
1 0.2454739689486121 0.3394690106510476 0.04293461053854056 0.08820262382374086
1 0.4340129108787248 0.33999402626904607 0.07280216569578606 0.1039530923636946
1 0.517082048659814 0.3389439950330491 0.06346855470914683 0.0892526550597378
1 0.12826930844597764 0.32312146619054816 0.0241512932765864 0.040755307404239535
1 0.1854973729491932 0.3234167945050717 0.021001124588335963 0.04961515683994385
1 0.20544844130811235 0.3278467192229238 0.021001124588335963 0.044299247178521205
1 0.30100355818504115 0.32961868911006464 0.029401574423670383 0.047843186952802874
1 0.015388263783671707 0.31313936825838423 0.02730146196483678 0.03354929833240771
