2 0.8678915135608049 0.33366141732283466 0.1609798775153105 0.18307086614173232
2 0.752405949256343 0.3385826771653544 0.188976377952756 0.14566929133858258
2 0.20647419072615922 0.32480314960629925 0.08398950131233597 0.1377952755905512
2 0.12073490813648295 0.3110236220472441 0.1014873140857393 0.18503937007874016
2 0.05249343832020997 0.2874015748031496 0.10498687664041995 0.2322834645669291
1 0.49870087389416107 0.3835627622952984 0.03849620780937386 0.05807240439425421
1 0.42870776878620864 0.4042326011474907 0.07699241561874771 0.1053177503421221
1 0.24672569550553228 0.4012797670257489 0.06649344985255479 0.07578940912470472
1 0.3149689729857859 0.3983269329040071 0.0454955183201691 0.07382085304354355
1 0.36221431893365374 0.38848415249820134 0.05249482883096426 0.0639780726377377
1 0.5424465645866313 0.3978347938837169 0.04549551832016895 0.072836575002963
1 0.6063152729976379 0.38700773543733047 0.04024603543707258 0.06102523851599599
1 0.5774431171406075 0.39389768172139455 0.03849620780937379 0.06693090675947949
