2 0.18095773610477103 0.12671657796112154 0.3077512518788623 0.2534331559222431
1 0.16495467100707017 0.30398129904334614 0.17726472108222466 0.1454124665127624
1 0.0652432653983188 0.26935928320697416 0.10094241061626683 0.08724747990765742
1 0.38899758237488186 0.25620291718915283 0.08370834051105057 0.18834376614986367
1 0.4333137626454381 0.2610499994062449 0.05416422033067974 0.18972864678331855
1 0.7361409944942386 0.2388919092709668 0.0443161802705562 0.07893819610692812
1 0.7890742098174028 0.23265994642041987 0.03200613019540157 0.07755331547347336
1 0.8063082799226191 0.23265994642041984 0.03200613019540171 0.06647427040583423
1 0.8407764201330516 0.23681458832078447 0.05170221031564893 0.07478355420656349
1 0.9084816955464013 0.242354110854604 0.029544120180370895 0.07755331547347331
2 0.6228885338028172 0.18834376614986367 0.11325246069142146 0.11079045067639041
2 0.7189069243890223 0.19596060963386555 0.0541642203306796 0.08170795737383794
2 0.7533750645994547 0.20080769185095762 0.06401226039080328 0.07478355420656353
2 0.806308279922619 0.1931908483669558 0.06155025037577246 0.0844777186407477
