2 0.7891513560804898 0.32480314960629925 0.15748031496062978 0.17716535433070868
2 0.6421697287839021 0.33169291338582674 0.1714785651793526 0.15551181102362205
2 0.08748906386701663 0.3218503937007874 0.08398950131233597 0.1397637795275591
2 0.03674540682414698 0.3159448818897638 0.07349081364829396 0.19094488188976375
1 0.33427686744100527 0.3936884164101598 0.07676422159347322 0.09574667856359845
1 0.29255718179237855 0.4087075032436654 0.03337574851890146 0.07697282002171627
1 0.13735995117948704 0.3922803770195186 0.07008907188969295 0.07040196953205757
1 0.2566782521345595 0.38336279421212466 0.045057260500516845 0.0638311190423989
1 0.20995220420809757 0.3936884164101598 0.05506998505618732 0.10137883612616307
1 0.39518760848800033 0.3805467154308424 0.035044535944846446 0.06195373318821076
1 0.4293977507198743 0.3814854083579365 0.04672604792646183 0.07321804831333992
1 0.47445501122039113 0.3838321406756717 0.03337574851890139 0.06289242611530482
1 0.5019900037484848 0.38805625884759515 0.025031811389176113 0.06758589075077523
