1 0.23622047244094488 0.4675196850393701 0.1294838145231846 0.27362204724409445
1 0.710411198600175 0.4114173228346456 0.11198600174978139 0.15354330708661415
1 0.3674540682414698 0.47047244094488194 0.0699912510936133 0.125984251968504
1 0.5336832895888014 0.4074803149606299 0.06649168853893257 0.09448818897637792
1 0.1662292213473316 0.3710629921259843 0.08048993875765528 0.05708661417322837
2 0.21172353455818022 0.23326771653543307 0.28346456692913385 0.4114173228346457
2 0.45844269466316717 0.26771653543307083 0.3359580052493439 0.3425196850393701
2 0.7331583552055992 0.17913385826771652 0.2064741907261592 0.16141732283464563
0 0.8976377952755905 0.5009842519685039 0.14348206474190733 0.1161417322834646
0 0.31496062992125984 0.4970472440944882 0.12598425196850394 0.08070866141732282
