2 0.1557305336832896 0.140748031496063 0.2694663167104112 0.281496062992126
2 0.621172353455818 0.21259842519685038 0.13648293963254596 0.16141732283464566
2 0.7068371322537519 0.20425125361571944 0.04935521122968836 0.10113411586797756
1 0.34509743160464973 0.2591907201149979 0.09803904306950276 0.2073525760919983
1 0.39705812443148614 0.2619480682013277 0.05686264498031157 0.1908084875740197
2 0.812743667046178 0.20349228877113668 0.049019521534751365 0.0761028071827015
1 0.11764685168340332 0.3137862122243273 0.23529370336680663 0.15110267513087114
1 0.7411751656054407 0.23658046580709383 0.04313717895058119 0.06507341483738244
1 0.782351563694632 0.23768340504162574 0.031372493782240836 0.08272044258989297
1 0.9098023196849856 0.23713193542435979 0.031372493782240836 0.061764597133786694
1 0.8558808459967591 0.23713193542435979 0.04117639808919123 0.07058811101004196
1 0.8117632766154828 0.24264663159701932 0.035294055505020905 0.06397047560285056
