1 0.18787097409694184 0.3505835185251785 0.05495927003432925 0.0927437681829306
1 0.3830324636066008 0.3417507786982328 0.06617544759235564 0.10283832798515434
1 0.44247820466414056 0.3370189537909404 0.04598632798790824 0.07444737854140004
0 0.4335052626177195 0.36162444330886073 0.09309427373161895 0.05299643896167467
1 0.07178353637136882 0.33544167882184295 0.029162061650868577 0.042270969171811924
1 0.08524294944100047 0.33449531384038445 0.022432355116052776 0.039116419233617104
1 0.1278644241615007 0.3360725888094819 0.022432355116052776 0.03974732922125597
1 0.14973597039965214 0.3332334938651064 0.03701338594148707 0.045425519110006786
1 0.23553972871855394 0.33544167882184295 0.029162061650868553 0.042270969171811924
2 0.2433910530091724 0.2859152447921827 0.08524294944100046 0.10473105794807136
2 0.3588463735957345 0.23783033906934364 0.16655316917945487 0.2197366243378944
