2 0.14012085231279017 0.16075746298756993 0.28024170462558035 0.31527191770377794
1 0.08324011028482588 0.3606898004964173 0.16648022056965175 0.17137058181192258
1 0.33850978182495844 0.3152719177037779 0.11653615439875618 0.18104723986949622
1 0.41342588108130174 0.30902890943241595 0.09988813234179104 0.18416874400517713
2 0.6456750395797897 0.23759729890225606 0.08892530485230637 0.10982758438960122
2 0.75199877364233 0.25227722354839094 0.04252949362501596 0.08916694970244848
2 0.8505898725003219 0.23379139251251743 0.057994764034112904 0.05437009128198081
1 0.9359362297046522 0.28190317616358507 0.026119150596408645 0.06550193235505666
1 0.9152585688158283 0.2846579303280501 0.03482553412854543 0.06733843513136673
1 0.8222090948161218 0.2831275113477918 0.03373723618702812 0.06672626753926338
1 0.7781330281846818 0.28496401412410177 0.03264893824551109 0.05570725088140339
1 0.8505048412955648 0.2834335951438434 0.03373723618702812 0.05264641292088669
