1 0.3940929291302215 0.42602667220832735 0.0786061368076453 0.08962692963709556
1 0.4652633502939003 0.4098938248736502 0.03399184294384654 0.059751286424730383
1 0.5003174383297422 0.41646646638037055 0.031867352759856186 0.06811646652419256
1 0.5417449969175552 0.41646646638037055 0.033991842943846606 0.058556260696235825
1 0.5704256144014258 0.4188565178373598 0.02336939202389452 0.06811646652419263
2 0.8359868874002274 0.3632878214623605 0.1635857441672617 0.15535334470429887
2 0.7021440058088314 0.3650803600551024 0.1848306460071659 0.11830754712096607
2 0.1848306460071659 0.36269030859811324 0.08073062699163566 0.14459811314784748
2 0.10834899938351103 0.3429723840779522 0.11472246993548227 0.18881406510214796
1 0.2198847340430077 0.4188565178373598 0.0786061368076452 0.058556260696235755
1 0.32854627387579893 0.41579788771509657 0.04090648441433995 0.06781864521324778
1 0.297866410565044 0.42245864751282625 0.05274783516585945 0.08114016480870717
2 0.03751133256497015 0.31831627806703694 0.0750226651299403 0.23901502534275523
